# ************************************************************
# Sequel Pro SQL dump
# Version 4541
#
# http://www.sequelpro.com/
# https://github.com/sequelpro/sequelpro
#
# Host: localhost (MySQL 5.7.26)
# Database: cars_analysis
# Generation Time: 1442-06-20 23:21:37 +0000
# ************************************************************


/*!40101 SET @OLD_CHARACTER_SET_CLIENT=@@CHARACTER_SET_CLIENT */;
/*!40101 SET @OLD_CHARACTER_SET_RESULTS=@@CHARACTER_SET_RESULTS */;
/*!40101 SET @OLD_COLLATION_CONNECTION=@@COLLATION_CONNECTION */;
/*!40101 SET NAMES utf8 */;
/*!40014 SET @OLD_FOREIGN_KEY_CHECKS=@@FOREIGN_KEY_CHECKS, FOREIGN_KEY_CHECKS=0 */;
/*!40101 SET @OLD_SQL_MODE=@@SQL_MODE, SQL_MODE='NO_AUTO_VALUE_ON_ZERO' */;
/*!40111 SET @OLD_SQL_NOTES=@@SQL_NOTES, SQL_NOTES=0 */;


# Dump of table cars_data
# ------------------------------------------------------------

DROP TABLE IF EXISTS `cars_data`;

CREATE TABLE `cars_data` (
  `id` int(11) unsigned NOT NULL AUTO_INCREMENT,
  `year` int(11) DEFAULT NULL,
  `month` varchar(50) DEFAULT NULL,
  `day` int(11) DEFAULT NULL,
  `hour` int(11) DEFAULT NULL,
  `time_minute` int(11) DEFAULT NULL,
  `direction` varchar(50) DEFAULT NULL,
  `bus` int(11) DEFAULT NULL,
  `car` int(11) DEFAULT NULL,
  `suv` int(11) DEFAULT NULL,
  `van` int(11) DEFAULT NULL,
  `truck` int(11) DEFAULT NULL,
  `motorcycle_pedestrian` int(11) DEFAULT NULL,
  `total_count` int(11) DEFAULT NULL,
  PRIMARY KEY (`id`)
) ENGINE=InnoDB DEFAULT CHARSET=utf8;

LOCK TABLES `cars_data` WRITE;
/*!40000 ALTER TABLE `cars_data` DISABLE KEYS */;

INSERT INTO `cars_data` (`id`, `year`, `month`, `day`, `hour`, `time_minute`, `direction`, `bus`, `car`, `suv`, `van`, `truck`, `motorcycle_pedestrian`, `total_count`)
VALUES
	(1,2020,'Dec',14,5,0,'North',0,12,0,1,0,0,13),
	(2,2020,'Dec',14,5,1,'North',0,20,1,0,0,0,21),
	(3,2020,'Dec',14,5,2,'North',0,11,3,0,0,0,14),
	(4,2020,'Dec',14,5,3,'North',0,18,0,0,0,0,18),
	(5,2020,'Dec',14,5,4,'North',0,17,0,0,0,0,17),
	(6,2020,'Dec',14,5,5,'North',0,14,0,0,0,0,14),
	(7,2020,'Dec',14,5,6,'North',0,16,0,0,0,0,16),
	(8,2020,'Dec',14,5,7,'North',0,17,2,0,0,0,19),
	(9,2020,'Dec',14,5,8,'North',0,13,4,1,0,0,18),
	(10,2020,'Dec',14,5,9,'North',0,9,1,0,0,0,10),
	(11,2020,'Dec',14,5,10,'North',0,15,3,1,0,0,19),
	(12,2020,'Dec',14,5,11,'North',0,9,0,1,0,0,10),
	(13,2020,'Dec',14,5,12,'North',0,11,0,0,0,0,11),
	(14,2020,'Dec',14,5,13,'North',0,6,1,0,0,0,7),
	(15,2020,'Dec',14,5,14,'North',0,14,0,0,0,0,14),
	(16,2020,'Dec',14,5,15,'North',0,10,1,0,0,0,11),
	(17,2020,'Dec',14,5,16,'North',0,17,0,0,0,0,17),
	(18,2020,'Dec',14,5,17,'North',0,13,1,0,0,0,14),
	(19,2020,'Dec',14,5,18,'North',0,7,0,2,0,0,9),
	(20,2020,'Dec',14,5,19,'North',0,9,0,0,0,0,9),
	(21,2020,'Dec',14,5,20,'North',0,5,0,0,0,0,5),
	(22,2020,'Dec',14,5,21,'North',0,5,2,0,0,0,7),
	(23,2020,'Dec',14,5,22,'North',0,14,1,0,0,0,15),
	(24,2020,'Dec',14,5,23,'North',0,16,0,0,0,0,16),
	(25,2020,'Dec',14,5,24,'North',0,14,0,1,0,0,15),
	(26,2020,'Dec',14,5,25,'North',0,13,1,0,0,0,14),
	(27,2020,'Dec',14,5,26,'North',0,7,4,0,0,0,11),
	(28,2020,'Dec',14,5,27,'North',0,15,2,0,0,0,17),
	(29,2020,'Dec',14,5,28,'North',0,14,1,0,0,0,15),
	(30,2020,'Dec',14,5,29,'North',0,10,1,1,0,0,12),
	(31,2020,'Dec',14,5,30,'North',0,9,1,0,0,0,10),
	(32,2020,'Dec',14,5,31,'North',0,13,0,0,0,0,13),
	(33,2020,'Dec',14,5,32,'North',0,11,2,0,0,0,13),
	(34,2020,'Dec',14,5,33,'North',0,7,1,1,0,0,9),
	(35,2020,'Dec',14,5,34,'North',0,17,0,0,0,0,17),
	(36,2020,'Dec',14,5,35,'North',0,19,0,0,0,0,19),
	(37,2020,'Dec',14,5,36,'North',0,18,0,0,0,0,18),
	(38,2020,'Dec',14,5,37,'North',0,14,1,0,0,0,15),
	(39,2020,'Dec',14,5,38,'North',0,14,2,0,0,0,16),
	(40,2020,'Dec',14,5,39,'North',0,21,1,0,0,0,22),
	(41,2020,'Dec',14,5,40,'North',0,17,0,0,0,0,17),
	(42,2020,'Dec',14,5,41,'North',0,10,2,0,0,0,12),
	(43,2020,'Dec',14,5,42,'North',0,13,0,1,0,0,14),
	(44,2020,'Dec',14,5,43,'North',0,16,2,0,0,0,18),
	(45,2020,'Dec',14,5,44,'North',0,14,1,0,0,0,15),
	(46,2020,'Dec',14,5,45,'North',0,9,1,0,0,0,10),
	(47,2020,'Dec',14,5,46,'North',0,11,1,1,0,0,13),
	(48,2020,'Dec',14,5,47,'North',0,17,3,1,0,0,21),
	(49,2020,'Dec',14,5,48,'North',0,19,1,0,0,0,20),
	(50,2020,'Dec',14,5,49,'North',0,17,3,0,0,0,20),
	(51,2020,'Dec',14,5,50,'North',0,16,1,0,0,0,17),
	(52,2020,'Dec',14,5,51,'North',0,22,1,2,0,0,25),
	(53,2020,'Dec',14,5,52,'North',0,24,0,1,0,0,25),
	(54,2020,'Dec',14,5,53,'North',0,24,4,0,0,0,28),
	(55,2020,'Dec',14,5,54,'North',0,22,0,0,0,0,22),
	(56,2020,'Dec',14,5,55,'North',0,25,1,1,0,0,27),
	(57,2020,'Dec',14,5,56,'North',0,19,0,0,0,0,19),
	(58,2020,'Dec',14,5,57,'North',0,27,3,1,0,0,31),
	(59,2020,'Dec',14,5,58,'North',0,20,2,0,0,0,22),
	(60,2020,'Dec',14,5,59,'North',0,17,2,0,0,0,19),
	(61,2020,'Dec',14,5,60,'North',0,28,1,0,0,0,29),
	(62,2020,'Dec',14,6,61,'North',0,17,5,0,0,0,22),
	(63,2020,'Dec',14,6,62,'North',0,25,1,0,0,0,26),
	(64,2020,'Dec',14,6,63,'North',0,21,1,1,0,0,23),
	(65,2020,'Dec',14,6,64,'North',0,20,0,0,0,0,20),
	(66,2020,'Dec',14,6,65,'North',0,16,2,2,0,0,20),
	(67,2020,'Dec',14,6,66,'North',0,9,1,0,0,0,10),
	(68,2020,'Dec',14,6,67,'North',0,22,0,0,0,0,22),
	(69,2020,'Dec',14,6,68,'North',0,26,1,0,0,0,27),
	(70,2020,'Dec',14,6,69,'North',0,22,3,0,0,0,25),
	(71,2020,'Dec',14,6,70,'North',0,13,2,0,0,0,15),
	(72,2020,'Dec',14,6,71,'North',0,22,4,1,0,0,27),
	(73,2020,'Dec',14,6,72,'North',0,15,2,0,0,0,17),
	(74,2020,'Dec',14,6,73,'North',0,17,2,0,0,0,19),
	(75,2020,'Dec',14,6,74,'North',0,11,1,0,0,0,12),
	(76,2020,'Dec',14,6,75,'North',0,14,1,0,0,0,15),
	(77,2020,'Dec',14,6,76,'North',0,15,0,0,0,0,15),
	(78,2020,'Dec',14,6,77,'North',0,9,1,0,0,0,10),
	(79,2020,'Dec',14,6,78,'North',0,16,1,0,0,0,17),
	(80,2020,'Dec',14,6,79,'North',0,12,1,1,0,0,14),
	(81,2020,'Dec',14,6,80,'North',0,9,0,0,1,0,10),
	(82,2020,'Dec',14,6,81,'North',0,15,1,1,0,0,17),
	(83,2020,'Dec',14,6,82,'North',0,9,0,1,0,0,10),
	(84,2020,'Dec',14,6,83,'North',0,14,1,0,0,0,15),
	(85,2020,'Dec',14,6,84,'North',0,13,1,0,0,0,14),
	(86,2020,'Dec',14,6,85,'North',0,10,0,0,0,0,10),
	(87,2020,'Dec',14,6,86,'North',0,13,0,1,0,0,14),
	(88,2020,'Dec',14,6,87,'North',0,5,0,0,0,0,5),
	(89,2020,'Dec',14,6,88,'North',0,9,0,1,0,0,10),
	(90,2020,'Dec',14,6,89,'North',0,12,0,0,0,0,12),
	(91,2020,'Dec',14,6,90,'North',0,8,0,0,0,0,8),
	(92,2020,'Dec',14,6,91,'North',0,2,0,0,0,0,2),
	(93,2020,'Dec',14,6,92,'North',0,6,2,1,0,0,9),
	(94,2020,'Dec',14,6,93,'North',0,13,1,1,0,0,15),
	(95,2020,'Dec',14,6,94,'North',0,7,0,0,0,0,7),
	(96,2020,'Dec',14,6,95,'North',0,8,0,1,0,0,9),
	(97,2020,'Dec',14,6,96,'North',0,4,1,1,0,0,6),
	(98,2020,'Dec',14,6,97,'North',0,15,0,1,0,0,16),
	(99,2020,'Dec',14,6,98,'North',0,2,1,0,0,0,3),
	(100,2020,'Dec',14,6,99,'North',0,8,0,0,0,0,8),
	(101,2020,'Dec',14,6,100,'North',0,11,1,0,0,0,12),
	(102,2020,'Dec',14,6,101,'North',0,10,3,0,0,0,13),
	(103,2020,'Dec',14,6,102,'North',0,8,0,0,0,0,8),
	(104,2020,'Dec',14,6,103,'North',0,7,1,0,0,0,8),
	(105,2020,'Dec',14,6,104,'North',0,4,0,0,0,0,4),
	(106,2020,'Dec',14,6,105,'North',0,4,1,0,0,0,5),
	(107,2020,'Dec',14,6,106,'North',0,12,0,2,0,0,14),
	(108,2020,'Dec',14,6,107,'North',0,4,1,0,0,0,5),
	(109,2020,'Dec',14,6,108,'North',0,7,1,0,0,0,8),
	(110,2020,'Dec',14,6,109,'North',0,10,0,0,0,0,10),
	(111,2020,'Dec',14,6,110,'North',0,18,0,0,0,0,18),
	(112,2020,'Dec',14,6,111,'North',0,6,0,0,0,0,6),
	(113,2020,'Dec',14,6,112,'North',0,8,0,1,0,0,9),
	(114,2020,'Dec',14,6,113,'North',0,7,3,0,0,0,10),
	(115,2020,'Dec',14,6,114,'North',0,5,0,0,0,0,5),
	(116,2020,'Dec',14,6,115,'North',0,6,0,0,0,0,6),
	(117,2020,'Dec',14,6,116,'North',0,6,0,0,0,0,6),
	(118,2020,'Dec',14,6,117,'North',0,8,0,0,0,0,8),
	(119,2020,'Dec',14,6,118,'North',0,7,0,0,0,0,7),
	(120,2020,'Dec',14,6,119,'North',0,9,2,0,0,0,11),
	(121,2020,'Dec',14,6,120,'North',0,10,0,0,0,0,10),
	(122,2020,'Dec',14,7,121,'North',0,13,0,0,0,0,13),
	(123,2020,'Dec',14,7,122,'North',0,6,0,0,0,0,6),
	(124,2020,'Dec',14,7,123,'North',0,9,1,2,0,0,12),
	(125,2020,'Dec',14,7,124,'North',0,9,1,0,0,0,10),
	(126,2020,'Dec',14,7,125,'North',0,6,1,0,0,0,7),
	(127,2020,'Dec',14,7,126,'North',0,7,1,0,0,0,8),
	(128,2020,'Dec',14,7,127,'North',0,9,0,0,0,0,9),
	(129,2020,'Dec',14,7,128,'North',0,8,3,0,0,0,11),
	(130,2020,'Dec',14,7,129,'North',0,4,0,0,0,0,4),
	(131,2020,'Dec',14,7,130,'North',0,9,1,0,0,0,10),
	(132,2020,'Dec',14,7,131,'North',0,9,0,0,0,0,9),
	(133,2020,'Dec',14,7,132,'North',0,5,0,1,0,0,6),
	(134,2020,'Dec',14,7,133,'North',0,4,1,1,0,0,6),
	(135,2020,'Dec',14,7,134,'North',0,4,0,0,0,0,4),
	(136,2020,'Dec',14,7,135,'North',0,8,0,0,0,0,8),
	(137,2020,'Dec',14,7,136,'North',0,10,1,0,0,0,11),
	(138,2020,'Dec',14,7,137,'North',0,8,0,2,0,0,10),
	(139,2020,'Dec',14,7,138,'North',0,13,1,0,0,0,14),
	(140,2020,'Dec',14,7,139,'North',0,10,1,0,0,0,11),
	(141,2020,'Dec',14,7,140,'North',0,13,0,0,0,0,13),
	(142,2020,'Dec',14,7,141,'North',0,12,1,0,0,0,13),
	(143,2020,'Dec',14,7,142,'North',0,16,0,0,0,0,16),
	(144,2020,'Dec',14,7,143,'North',0,6,0,0,0,0,6),
	(145,2020,'Dec',14,7,144,'North',1,10,0,0,0,0,11),
	(146,2020,'Dec',14,7,145,'North',0,9,0,0,0,0,9),
	(147,2020,'Dec',14,7,146,'North',0,8,0,0,0,0,8),
	(148,2020,'Dec',14,7,147,'North',0,13,0,0,0,0,13),
	(149,2020,'Dec',14,7,148,'North',0,7,1,0,0,0,8),
	(150,2020,'Dec',14,7,149,'North',0,9,0,0,0,0,9),
	(151,2020,'Dec',14,7,150,'North',0,4,1,0,0,0,5),
	(152,2020,'Dec',14,7,151,'North',1,8,0,0,0,0,9),
	(153,2020,'Dec',14,7,152,'North',0,10,0,1,0,0,11),
	(154,2020,'Dec',14,7,153,'North',0,10,0,0,0,0,10),
	(155,2020,'Dec',14,7,154,'North',0,5,1,0,0,0,6),
	(156,2020,'Dec',14,7,155,'North',0,9,0,0,0,0,9),
	(157,2020,'Dec',14,7,156,'North',0,12,0,1,0,0,13),
	(158,2020,'Dec',14,7,157,'North',0,5,1,0,0,0,6),
	(159,2020,'Dec',14,7,158,'North',0,12,0,0,0,0,12),
	(160,2020,'Dec',14,7,159,'North',0,4,0,0,0,0,4),
	(161,2020,'Dec',14,7,160,'North',0,7,1,0,0,0,8),
	(162,2020,'Dec',14,7,161,'North',0,8,2,0,0,0,10),
	(163,2020,'Dec',14,7,162,'North',0,9,0,0,0,0,9),
	(164,2020,'Dec',14,7,163,'North',0,8,1,0,0,0,9),
	(165,2020,'Dec',14,7,164,'North',0,9,1,0,0,0,10),
	(166,2020,'Dec',14,7,165,'North',0,10,1,0,0,0,11),
	(167,2020,'Dec',14,7,166,'North',0,7,0,1,0,0,8),
	(168,2020,'Dec',14,7,167,'North',0,5,1,0,0,0,6),
	(169,2020,'Dec',14,7,168,'North',0,10,0,0,0,0,10),
	(170,2020,'Dec',14,7,169,'North',0,14,1,0,0,0,15),
	(171,2020,'Dec',14,7,170,'North',0,7,1,0,0,0,8),
	(172,2020,'Dec',14,7,171,'North',0,10,0,0,0,0,10),
	(173,2020,'Dec',14,7,172,'North',0,7,0,0,0,0,7),
	(174,2020,'Dec',14,7,173,'North',0,8,3,1,0,0,12),
	(175,2020,'Dec',14,7,174,'North',0,12,0,0,0,0,12),
	(176,2020,'Dec',14,7,175,'North',0,3,0,0,0,0,3),
	(177,2020,'Dec',14,7,176,'North',0,8,0,0,0,0,8),
	(178,2020,'Dec',14,7,177,'North',0,8,0,0,0,0,8),
	(179,2020,'Dec',14,7,178,'North',0,6,0,0,0,0,6),
	(180,2020,'Dec',14,7,179,'North',0,5,1,0,0,0,6),
	(181,2020,'Dec',14,7,180,'North',0,14,0,0,0,0,14),
	(182,2020,'Dec',14,8,181,'North',0,6,0,0,0,0,6),
	(183,2020,'Dec',14,8,182,'North',0,4,0,0,0,0,4),
	(184,2020,'Dec',14,8,183,'North',0,5,0,0,0,0,5),
	(185,2020,'Dec',14,8,184,'North',0,8,1,2,0,0,11),
	(186,2020,'Dec',14,8,185,'North',0,5,2,0,0,0,7),
	(187,2020,'Dec',14,8,186,'North',0,11,0,0,0,0,11),
	(188,2020,'Dec',14,8,187,'North',0,10,0,0,0,0,10),
	(189,2020,'Dec',14,8,188,'North',0,11,1,0,0,0,12),
	(190,2020,'Dec',14,8,189,'North',0,13,0,0,0,0,13),
	(191,2020,'Dec',14,8,190,'North',0,11,2,0,0,0,13),
	(192,2020,'Dec',14,8,191,'North',0,14,0,0,0,0,14),
	(193,2020,'Dec',14,8,192,'North',0,14,0,0,0,0,14),
	(194,2020,'Dec',14,8,193,'North',0,9,0,0,0,0,9),
	(195,2020,'Dec',14,8,194,'North',0,12,2,0,0,0,14),
	(196,2020,'Dec',14,8,195,'North',0,12,0,0,0,0,12),
	(197,2020,'Dec',14,8,196,'North',0,12,5,0,0,0,17),
	(198,2020,'Dec',14,8,197,'North',0,12,1,0,0,0,13),
	(199,2020,'Dec',14,8,198,'North',0,7,1,0,0,0,8),
	(200,2020,'Dec',14,8,199,'North',0,13,2,0,0,0,15),
	(201,2020,'Dec',14,8,200,'North',0,11,1,2,0,0,14),
	(202,2020,'Dec',14,8,201,'North',0,10,0,0,0,0,10),
	(203,2020,'Dec',14,8,202,'North',0,10,1,0,0,0,11),
	(204,2020,'Dec',14,8,203,'North',0,20,0,0,0,0,20),
	(205,2020,'Dec',14,8,204,'North',0,13,2,0,0,0,15),
	(206,2020,'Dec',14,8,205,'North',0,12,4,0,0,0,16),
	(207,2020,'Dec',14,8,206,'North',0,18,2,0,0,0,20),
	(208,2020,'Dec',14,8,207,'North',0,14,0,2,0,0,16),
	(209,2020,'Dec',14,8,208,'North',0,21,3,0,0,0,24),
	(210,2020,'Dec',14,8,209,'North',0,21,1,1,1,0,24),
	(211,2020,'Dec',14,8,210,'North',0,12,4,0,0,0,16),
	(212,2020,'Dec',14,8,211,'North',0,13,0,0,0,0,13),
	(213,2020,'Dec',14,8,212,'North',0,19,0,0,1,0,20),
	(214,2020,'Dec',14,8,213,'North',0,18,0,0,0,0,18),
	(215,2020,'Dec',14,8,214,'North',0,15,0,1,0,0,16),
	(216,2020,'Dec',14,8,215,'North',0,9,1,0,0,0,10),
	(217,2020,'Dec',14,8,216,'North',0,22,0,0,0,0,22),
	(218,2020,'Dec',14,8,217,'North',0,15,2,0,0,0,17),
	(219,2020,'Dec',14,8,218,'North',0,9,1,1,0,0,11),
	(220,2020,'Dec',14,8,219,'North',0,9,1,0,0,0,10),
	(221,2020,'Dec',14,8,220,'North',1,12,0,0,0,0,13),
	(222,2020,'Dec',14,8,221,'North',0,15,0,1,0,0,16),
	(223,2020,'Dec',14,8,222,'North',0,2,0,1,0,0,3),
	(224,2020,'Dec',14,8,223,'North',0,8,0,0,0,0,8),
	(225,2020,'Dec',14,8,224,'North',0,14,1,0,0,0,15),
	(226,2020,'Dec',14,8,225,'North',0,6,1,0,0,0,7),
	(227,2020,'Dec',14,8,226,'North',0,10,0,0,0,0,10),
	(228,2020,'Dec',14,8,227,'North',0,8,0,0,0,0,8),
	(229,2020,'Dec',14,8,228,'North',0,10,0,0,0,0,10),
	(230,2020,'Dec',14,8,229,'North',0,7,2,0,0,0,9),
	(231,2020,'Dec',14,8,230,'North',0,6,0,0,0,0,6),
	(232,2020,'Dec',14,8,231,'North',0,6,1,1,0,0,8),
	(233,2020,'Dec',14,8,232,'North',0,6,0,0,0,0,6),
	(234,2020,'Dec',14,8,233,'North',0,6,0,0,0,0,6),
	(235,2020,'Dec',14,8,234,'North',0,5,0,0,0,0,5),
	(236,2020,'Dec',14,8,235,'North',0,5,0,0,0,0,5),
	(237,2020,'Dec',14,8,236,'North',0,4,0,0,0,0,4),
	(238,2020,'Dec',14,8,237,'North',0,7,0,0,0,0,7),
	(239,2020,'Dec',14,8,238,'North',0,1,0,0,0,0,1),
	(240,2020,'Dec',14,8,239,'North',0,0,0,0,0,0,0),
	(241,2020,'Dec',14,8,240,'North',0,4,1,0,0,0,5),
	(242,2020,'Dec',14,9,241,'North',0,5,1,0,0,0,6),
	(243,2020,'Dec',14,9,242,'North',0,4,0,0,0,0,4),
	(244,2020,'Dec',14,9,243,'North',0,6,0,0,0,0,6),
	(245,2020,'Dec',14,9,244,'North',0,8,0,0,0,0,8),
	(246,2020,'Dec',14,9,245,'North',0,0,0,1,0,0,1),
	(247,2020,'Dec',14,9,246,'North',0,9,0,0,0,0,9),
	(248,2020,'Dec',14,9,247,'North',0,2,1,0,0,0,3),
	(249,2020,'Dec',14,9,248,'North',0,7,0,0,0,0,7),
	(250,2020,'Dec',14,9,249,'North',0,7,0,0,0,0,7),
	(251,2020,'Dec',14,9,250,'North',0,4,1,0,0,0,5),
	(252,2020,'Dec',14,9,251,'North',0,7,1,0,0,0,8),
	(253,2020,'Dec',14,9,252,'North',0,3,0,0,0,0,3),
	(254,2020,'Dec',14,9,253,'North',0,4,1,0,0,0,5),
	(255,2020,'Dec',14,9,254,'North',0,7,1,0,0,0,8),
	(256,2020,'Dec',14,9,255,'North',0,2,1,1,0,0,4),
	(257,2020,'Dec',14,9,256,'North',0,5,0,0,0,0,5),
	(258,2020,'Dec',14,9,257,'North',1,5,3,0,0,0,9),
	(259,2020,'Dec',14,9,258,'North',0,4,0,0,0,0,4),
	(260,2020,'Dec',14,9,259,'North',0,3,0,0,0,0,3),
	(261,2020,'Dec',14,9,260,'North',0,6,0,0,0,0,6),
	(262,2020,'Dec',14,9,261,'North',0,3,0,0,0,0,3),
	(263,2020,'Dec',14,9,262,'North',0,3,1,0,0,0,4),
	(264,2020,'Dec',14,9,263,'North',0,5,0,0,0,0,5),
	(265,2020,'Dec',14,9,264,'North',0,6,0,0,0,0,6),
	(266,2020,'Dec',14,9,265,'North',0,4,1,0,0,0,5),
	(267,2020,'Dec',14,9,266,'North',0,4,1,0,0,0,5),
	(268,2020,'Dec',14,9,267,'North',0,8,0,2,0,0,10),
	(269,2020,'Dec',14,9,268,'North',0,6,0,0,0,0,6),
	(270,2020,'Dec',14,9,269,'North',0,6,0,0,0,0,6),
	(271,2020,'Dec',14,9,270,'North',0,5,0,0,0,0,5),
	(272,2020,'Dec',14,9,271,'North',0,5,1,0,0,0,6),
	(273,2020,'Dec',14,9,272,'North',0,2,0,1,0,0,3),
	(274,2020,'Dec',14,9,273,'North',0,3,0,1,0,0,4),
	(275,2020,'Dec',14,9,274,'North',0,9,0,0,0,0,9),
	(276,2020,'Dec',14,9,275,'North',0,5,1,0,0,0,6),
	(277,2020,'Dec',14,9,276,'North',0,5,0,0,0,0,5),
	(278,2020,'Dec',14,9,277,'North',0,5,1,0,0,0,6),
	(279,2020,'Dec',14,9,278,'North',0,7,1,1,0,0,9),
	(280,2020,'Dec',14,9,279,'North',0,5,1,0,0,0,6),
	(281,2020,'Dec',14,9,280,'North',0,5,1,1,0,0,7),
	(282,2020,'Dec',14,9,281,'North',0,7,0,0,0,0,7),
	(283,2020,'Dec',14,9,282,'North',1,3,0,0,0,0,4),
	(284,2020,'Dec',14,9,283,'North',0,9,0,1,0,0,10),
	(285,2020,'Dec',14,9,284,'North',0,3,0,0,0,0,3),
	(286,2020,'Dec',14,9,285,'North',0,5,0,0,0,0,5),
	(287,2020,'Dec',14,9,286,'North',0,7,0,0,0,0,7),
	(288,2020,'Dec',14,9,287,'North',0,2,2,0,0,0,4),
	(289,2020,'Dec',14,9,288,'North',0,4,0,0,0,0,4),
	(290,2020,'Dec',14,9,289,'North',0,12,2,0,0,0,14),
	(291,2020,'Dec',14,9,290,'North',0,2,0,0,0,0,2),
	(292,2020,'Dec',14,9,291,'North',0,1,0,0,0,0,1),
	(293,2020,'Dec',14,9,292,'North',0,4,0,1,0,0,5),
	(294,2020,'Dec',14,9,293,'North',0,1,1,1,0,0,3),
	(295,2020,'Dec',14,9,294,'North',0,4,0,0,0,0,4),
	(296,2020,'Dec',14,9,295,'North',0,7,0,0,0,0,7),
	(297,2020,'Dec',14,9,296,'North',0,5,0,0,0,0,5),
	(298,2020,'Dec',14,9,297,'North',0,3,1,0,0,0,4),
	(299,2020,'Dec',14,9,298,'North',0,2,0,0,0,0,2),
	(300,2020,'Dec',14,9,299,'North',0,5,0,0,0,0,5),
	(301,2020,'Dec',14,9,300,'North',0,4,4,0,0,0,8),
	(302,2020,'Dec',14,10,301,'North',0,9,0,0,0,0,9),
	(303,2020,'Dec',14,10,302,'North',1,5,0,0,0,0,6),
	(304,2020,'Dec',14,10,303,'North',0,5,1,0,0,0,6),
	(305,2020,'Dec',14,10,304,'North',0,2,0,0,0,0,2),
	(306,2020,'Dec',14,10,305,'North',0,8,1,0,0,0,9),
	(307,2020,'Dec',14,10,306,'North',0,2,1,0,0,0,3),
	(308,2020,'Dec',14,10,307,'North',0,7,0,0,0,0,7),
	(309,2020,'Dec',14,10,308,'North',0,4,1,0,0,0,5),
	(310,2020,'Dec',14,10,309,'North',0,3,0,0,0,0,3),
	(311,2020,'Dec',14,10,310,'North',0,4,0,0,0,0,4),
	(312,2020,'Dec',14,10,311,'North',0,4,0,1,0,0,5),
	(313,2020,'Dec',14,10,312,'North',0,8,0,0,0,0,8),
	(314,2020,'Dec',14,10,313,'North',0,2,0,1,0,0,3),
	(315,2020,'Dec',14,10,314,'North',0,6,0,0,0,0,6),
	(316,2020,'Dec',14,10,315,'North',0,5,0,1,1,0,7),
	(317,2020,'Dec',14,10,316,'North',0,6,0,0,0,0,6),
	(318,2020,'Dec',14,10,317,'North',0,3,0,0,1,0,4),
	(319,2020,'Dec',14,10,318,'North',0,6,0,0,0,0,6),
	(320,2020,'Dec',14,10,319,'North',0,3,0,0,1,0,4),
	(321,2020,'Dec',14,10,320,'North',0,10,1,0,1,0,12),
	(322,2020,'Dec',14,10,321,'North',0,3,0,0,0,0,3),
	(323,2020,'Dec',14,10,322,'North',0,7,1,1,0,0,9),
	(324,2020,'Dec',14,10,323,'North',0,5,0,1,0,0,6),
	(325,2020,'Dec',14,10,324,'North',0,3,0,0,0,0,3),
	(326,2020,'Dec',14,10,325,'North',0,1,0,0,0,0,1),
	(327,2020,'Dec',14,10,326,'North',0,8,0,0,0,0,8),
	(328,2020,'Dec',14,10,327,'North',0,5,1,0,0,0,6),
	(329,2020,'Dec',14,10,328,'North',0,2,0,0,0,0,2);

/*!40000 ALTER TABLE `cars_data` ENABLE KEYS */;
UNLOCK TABLES;



/*!40111 SET SQL_NOTES=@OLD_SQL_NOTES */;
/*!40101 SET SQL_MODE=@OLD_SQL_MODE */;
/*!40014 SET FOREIGN_KEY_CHECKS=@OLD_FOREIGN_KEY_CHECKS */;
/*!40101 SET CHARACTER_SET_CLIENT=@OLD_CHARACTER_SET_CLIENT */;
/*!40101 SET CHARACTER_SET_RESULTS=@OLD_CHARACTER_SET_RESULTS */;
/*!40101 SET COLLATION_CONNECTION=@OLD_COLLATION_CONNECTION */;
