year,month,day,hour,Time (Minutes),gate,direction,bus,car,suv,van,truck,motorcycle/pedestrian,total_count
2020,Dec,14,5,0,1,North,0,12,0,1,0,0,13
2020,Dec,14,5,1,1,North,0,20,1,0,0,0,21
2020,Dec,14,5,2,1,North,0,11,3,0,0,0,14
2020,Dec,14,5,3,1,North,0,18,0,0,0,0,18
2020,Dec,14,5,4,1,North,0,17,0,0,0,0,17
2020,Dec,14,5,5,1,North,0,14,0,0,0,0,14
2020,Dec,14,5,6,1,North,0,16,0,0,0,0,16
2020,Dec,14,5,7,1,North,0,17,2,0,0,0,19
2020,Dec,14,5,8,1,North,0,13,4,1,0,0,18
2020,Dec,14,5,9,1,North,0,9,1,0,0,0,10
2020,Dec,14,5,10,1,North,0,15,3,1,0,0,19
2020,Dec,14,5,11,1,North,0,9,0,1,0,0,10
2020,Dec,14,5,12,1,North,0,11,0,0,0,0,11
2020,Dec,14,5,13,1,North,0,6,1,0,0,0,7
2020,Dec,14,5,14,1,North,0,14,0,0,0,0,14
2020,Dec,14,5,15,1,North,0,10,1,0,0,0,11
2020,Dec,14,5,16,1,North,0,17,0,0,0,0,17
2020,Dec,14,5,17,1,North,0,13,1,0,0,0,14
2020,Dec,14,5,18,1,North,0,7,0,2,0,0,9
2020,Dec,14,5,19,1,North,0,9,0,0,0,0,9
2020,Dec,14,5,20,1,North,0,5,0,0,0,0,5
2020,Dec,14,5,21,1,North,0,5,2,0,0,0,7
2020,Dec,14,5,22,1,North,0,14,1,0,0,0,15
2020,Dec,14,5,23,1,North,0,16,0,0,0,0,16
2020,Dec,14,5,24,1,North,0,14,0,1,0,0,15
2020,Dec,14,5,25,1,North,0,13,1,0,0,0,14
2020,Dec,14,5,26,1,North,0,7,4,0,0,0,11
2020,Dec,14,5,27,1,North,0,15,2,0,0,0,17
2020,Dec,14,5,28,1,North,0,14,1,0,0,0,15
2020,Dec,14,5,29,1,North,0,10,1,1,0,0,12
2020,Dec,14,5,30,1,North,0,9,1,0,0,0,10
2020,Dec,14,5,31,1,North,0,13,0,0,0,0,13
2020,Dec,14,5,32,1,North,0,11,2,0,0,0,13
2020,Dec,14,5,33,1,North,0,7,1,1,0,0,9
2020,Dec,14,5,34,1,North,0,17,0,0,0,0,17
2020,Dec,14,5,35,1,North,0,19,0,0,0,0,19
2020,Dec,14,5,36,1,North,0,18,0,0,0,0,18
2020,Dec,14,5,37,1,North,0,14,1,0,0,0,15
2020,Dec,14,5,38,1,North,0,14,2,0,0,0,16
2020,Dec,14,5,39,1,North,0,21,1,0,0,0,22
2020,Dec,14,5,40,1,North,0,17,0,0,0,0,17
2020,Dec,14,5,41,1,North,0,10,2,0,0,0,12
2020,Dec,14,5,42,1,North,0,13,0,1,0,0,14
2020,Dec,14,5,43,1,North,0,16,2,0,0,0,18
2020,Dec,14,5,44,1,North,0,14,1,0,0,0,15
2020,Dec,14,5,45,1,North,0,9,1,0,0,0,10
2020,Dec,14,5,46,1,North,0,11,1,1,0,0,13
2020,Dec,14,5,47,1,North,0,17,3,1,0,0,21
2020,Dec,14,5,48,1,North,0,19,1,0,0,0,20
2020,Dec,14,5,49,1,North,0,17,3,0,0,0,20
2020,Dec,14,5,50,1,North,0,16,1,0,0,0,17
2020,Dec,14,5,51,1,North,0,22,1,2,0,0,25
2020,Dec,14,5,52,1,North,0,24,0,1,0,0,25
2020,Dec,14,5,53,1,North,0,24,4,0,0,0,28
2020,Dec,14,5,54,1,North,0,22,0,0,0,0,22
2020,Dec,14,5,55,1,North,0,25,1,1,0,0,27
2020,Dec,14,5,56,1,North,0,19,0,0,0,0,19
2020,Dec,14,5,57,1,North,0,27,3,1,0,0,31
2020,Dec,14,5,58,1,North,0,20,2,0,0,0,22
2020,Dec,14,5,59,1,North,0,17,2,0,0,0,19
2020,Dec,14,5,60,1,North,0,28,1,0,0,0,29
2020,Dec,14,6,61,1,North,0,17,5,0,0,0,22
2020,Dec,14,6,62,1,North,0,25,1,0,0,0,26
2020,Dec,14,6,63,1,North,0,21,1,1,0,0,23
2020,Dec,14,6,64,1,North,0,20,0,0,0,0,20
2020,Dec,14,6,65,1,North,0,16,2,2,0,0,20
2020,Dec,14,6,66,1,North,0,9,1,0,0,0,10
2020,Dec,14,6,67,1,North,0,22,0,0,0,0,22
2020,Dec,14,6,68,1,North,0,26,1,0,0,0,27
2020,Dec,14,6,69,1,North,0,22,3,0,0,0,25
2020,Dec,14,6,70,1,North,0,13,2,0,0,0,15
2020,Dec,14,6,71,1,North,0,22,4,1,0,0,27
2020,Dec,14,6,72,1,North,0,15,2,0,0,0,17
2020,Dec,14,6,73,1,North,0,17,2,0,0,0,19
2020,Dec,14,6,74,1,North,0,11,1,0,0,0,12
2020,Dec,14,6,75,1,North,0,14,1,0,0,0,15
2020,Dec,14,6,76,1,North,0,15,0,0,0,0,15
2020,Dec,14,6,77,1,North,0,9,1,0,0,0,10
2020,Dec,14,6,78,1,North,0,16,1,0,0,0,17
2020,Dec,14,6,79,1,North,0,12,1,1,0,0,14
2020,Dec,14,6,80,1,North,0,9,0,0,1,0,10
2020,Dec,14,6,81,1,North,0,15,1,1,0,0,17
2020,Dec,14,6,82,1,North,0,9,0,1,0,0,10
2020,Dec,14,6,83,1,North,0,14,1,0,0,0,15
2020,Dec,14,6,84,1,North,0,13,1,0,0,0,14
2020,Dec,14,6,85,1,North,0,10,0,0,0,0,10
2020,Dec,14,6,86,1,North,0,13,0,1,0,0,14
2020,Dec,14,6,87,1,North,0,5,0,0,0,0,5
2020,Dec,14,6,88,1,North,0,9,0,1,0,0,10
2020,Dec,14,6,89,1,North,0,12,0,0,0,0,12
2020,Dec,14,6,90,1,North,0,8,0,0,0,0,8
2020,Dec,14,6,91,1,North,0,2,0,0,0,0,2
2020,Dec,14,6,92,1,North,0,6,2,1,0,0,9
2020,Dec,14,6,93,1,North,0,13,1,1,0,0,15
2020,Dec,14,6,94,1,North,0,7,0,0,0,0,7
2020,Dec,14,6,95,1,North,0,8,0,1,0,0,9
2020,Dec,14,6,96,1,North,0,4,1,1,0,0,6
2020,Dec,14,6,97,1,North,0,15,0,1,0,0,16
2020,Dec,14,6,98,1,North,0,2,1,0,0,0,3
2020,Dec,14,6,99,1,North,0,8,0,0,0,0,8
2020,Dec,14,6,100,1,North,0,11,1,0,0,0,12
2020,Dec,14,6,101,1,North,0,10,3,0,0,0,13
2020,Dec,14,6,102,1,North,0,8,0,0,0,0,8
2020,Dec,14,6,103,1,North,0,7,1,0,0,0,8
2020,Dec,14,6,104,1,North,0,4,0,0,0,0,4
2020,Dec,14,6,105,1,North,0,4,1,0,0,0,5
2020,Dec,14,6,106,1,North,0,12,0,2,0,0,14
2020,Dec,14,6,107,1,North,0,4,1,0,0,0,5
2020,Dec,14,6,108,1,North,0,7,1,0,0,0,8
2020,Dec,14,6,109,1,North,0,10,0,0,0,0,10
2020,Dec,14,6,110,1,North,0,18,0,0,0,0,18
2020,Dec,14,6,111,1,North,0,6,0,0,0,0,6
2020,Dec,14,6,112,1,North,0,8,0,1,0,0,9
2020,Dec,14,6,113,1,North,0,7,3,0,0,0,10
2020,Dec,14,6,114,1,North,0,5,0,0,0,0,5
2020,Dec,14,6,115,1,North,0,6,0,0,0,0,6
2020,Dec,14,6,116,1,North,0,6,0,0,0,0,6
2020,Dec,14,6,117,1,North,0,8,0,0,0,0,8
2020,Dec,14,6,118,1,North,0,7,0,0,0,0,7
2020,Dec,14,6,119,1,North,0,9,2,0,0,0,11
2020,Dec,14,6,120,1,North,0,10,0,0,0,0,10
2020,Dec,14,7,121,1,North,0,13,0,0,0,0,13
2020,Dec,14,7,122,1,North,0,6,0,0,0,0,6
2020,Dec,14,7,123,1,North,0,9,1,2,0,0,12
2020,Dec,14,7,124,1,North,0,9,1,0,0,0,10
2020,Dec,14,7,125,1,North,0,6,1,0,0,0,7
2020,Dec,14,7,126,1,North,0,7,1,0,0,0,8
2020,Dec,14,7,127,1,North,0,9,0,0,0,0,9
2020,Dec,14,7,128,1,North,0,8,3,0,0,0,11
2020,Dec,14,7,129,1,North,0,4,0,0,0,0,4
2020,Dec,14,7,130,1,North,0,9,1,0,0,0,10
2020,Dec,14,7,131,1,North,0,9,0,0,0,0,9
2020,Dec,14,7,132,1,North,0,5,0,1,0,0,6
2020,Dec,14,7,133,1,North,0,4,1,1,0,0,6
2020,Dec,14,7,134,1,North,0,4,0,0,0,0,4
2020,Dec,14,7,135,1,North,0,8,0,0,0,0,8
2020,Dec,14,7,136,1,North,0,10,1,0,0,0,11
2020,Dec,14,7,137,1,North,0,8,0,2,0,0,10
2020,Dec,14,7,138,1,North,0,13,1,0,0,0,14
2020,Dec,14,7,139,1,North,0,10,1,0,0,0,11
2020,Dec,14,7,140,1,North,0,13,0,0,0,0,13
2020,Dec,14,7,141,1,North,0,12,1,0,0,0,13
2020,Dec,14,7,142,1,North,0,16,0,0,0,0,16
2020,Dec,14,7,143,1,North,0,6,0,0,0,0,6
2020,Dec,14,7,144,1,North,1,10,0,0,0,0,11
2020,Dec,14,7,145,1,North,0,9,0,0,0,0,9
2020,Dec,14,7,146,1,North,0,8,0,0,0,0,8
2020,Dec,14,7,147,1,North,0,13,0,0,0,0,13
2020,Dec,14,7,148,1,North,0,7,1,0,0,0,8
2020,Dec,14,7,149,1,North,0,9,0,0,0,0,9
2020,Dec,14,7,150,1,North,0,4,1,0,0,0,5
2020,Dec,14,7,151,1,North,1,8,0,0,0,0,9
2020,Dec,14,7,152,1,North,0,10,0,1,0,0,11
2020,Dec,14,7,153,1,North,0,10,0,0,0,0,10
2020,Dec,14,7,154,1,North,0,5,1,0,0,0,6
2020,Dec,14,7,155,1,North,0,9,0,0,0,0,9
2020,Dec,14,7,156,1,North,0,12,0,1,0,0,13
2020,Dec,14,7,157,1,North,0,5,1,0,0,0,6
2020,Dec,14,7,158,1,North,0,12,0,0,0,0,12
2020,Dec,14,7,159,1,North,0,4,0,0,0,0,4
2020,Dec,14,7,160,1,North,0,7,1,0,0,0,8
2020,Dec,14,7,161,1,North,0,8,2,0,0,0,10
2020,Dec,14,7,162,1,North,0,9,0,0,0,0,9
2020,Dec,14,7,163,1,North,0,8,1,0,0,0,9
2020,Dec,14,7,164,1,North,0,9,1,0,0,0,10
2020,Dec,14,7,165,1,North,0,10,1,0,0,0,11
2020,Dec,14,7,166,1,North,0,7,0,1,0,0,8
2020,Dec,14,7,167,1,North,0,5,1,0,0,0,6
2020,Dec,14,7,168,1,North,0,10,0,0,0,0,10
2020,Dec,14,7,169,1,North,0,14,1,0,0,0,15
2020,Dec,14,7,170,1,North,0,7,1,0,0,0,8
2020,Dec,14,7,171,1,North,0,10,0,0,0,0,10
2020,Dec,14,7,172,1,North,0,7,0,0,0,0,7
2020,Dec,14,7,173,1,North,0,8,3,1,0,0,12
2020,Dec,14,7,174,1,North,0,12,0,0,0,0,12
2020,Dec,14,7,175,1,North,0,3,0,0,0,0,3
2020,Dec,14,7,176,1,North,0,8,0,0,0,0,8
2020,Dec,14,7,177,1,North,0,8,0,0,0,0,8
2020,Dec,14,7,178,1,North,0,6,0,0,0,0,6
2020,Dec,14,7,179,1,North,0,5,1,0,0,0,6
2020,Dec,14,7,180,1,North,0,14,0,0,0,0,14
2020,Dec,14,8,181,1,North,0,6,0,0,0,0,6
2020,Dec,14,8,182,1,North,0,4,0,0,0,0,4
2020,Dec,14,8,183,1,North,0,5,0,0,0,0,5
2020,Dec,14,8,184,1,North,0,8,1,2,0,0,11
2020,Dec,14,8,185,1,North,0,5,2,0,0,0,7
2020,Dec,14,8,186,1,North,0,11,0,0,0,0,11
2020,Dec,14,8,187,1,North,0,10,0,0,0,0,10
2020,Dec,14,8,188,1,North,0,11,1,0,0,0,12
2020,Dec,14,8,189,1,North,0,13,0,0,0,0,13
2020,Dec,14,8,190,1,North,0,11,2,0,0,0,13
2020,Dec,14,8,191,1,North,0,14,0,0,0,0,14
2020,Dec,14,8,192,1,North,0,14,0,0,0,0,14
2020,Dec,14,8,193,1,North,0,9,0,0,0,0,9
2020,Dec,14,8,194,1,North,0,12,2,0,0,0,14
2020,Dec,14,8,195,1,North,0,12,0,0,0,0,12
2020,Dec,14,8,196,1,North,0,12,5,0,0,0,17
2020,Dec,14,8,197,1,North,0,12,1,0,0,0,13
2020,Dec,14,8,198,1,North,0,7,1,0,0,0,8
2020,Dec,14,8,199,1,North,0,13,2,0,0,0,15
2020,Dec,14,8,200,1,North,0,11,1,2,0,0,14
2020,Dec,14,8,201,1,North,0,10,0,0,0,0,10
2020,Dec,14,8,202,1,North,0,10,1,0,0,0,11
2020,Dec,14,8,203,1,North,0,20,0,0,0,0,20
2020,Dec,14,8,204,1,North,0,13,2,0,0,0,15
2020,Dec,14,8,205,1,North,0,12,4,0,0,0,16
2020,Dec,14,8,206,1,North,0,18,2,0,0,0,20
2020,Dec,14,8,207,1,North,0,14,0,2,0,0,16
2020,Dec,14,8,208,1,North,0,21,3,0,0,0,24
2020,Dec,14,8,209,1,North,0,21,1,1,1,0,24
2020,Dec,14,8,210,1,North,0,12,4,0,0,0,16
2020,Dec,14,8,211,1,North,0,13,0,0,0,0,13
2020,Dec,14,8,212,1,North,0,19,0,0,1,0,20
2020,Dec,14,8,213,1,North,0,18,0,0,0,0,18
2020,Dec,14,8,214,1,North,0,15,0,1,0,0,16
2020,Dec,14,8,215,1,North,0,9,1,0,0,0,10
2020,Dec,14,8,216,1,North,0,22,0,0,0,0,22
2020,Dec,14,8,217,1,North,0,15,2,0,0,0,17
2020,Dec,14,8,218,1,North,0,9,1,1,0,0,11
2020,Dec,14,8,219,1,North,0,9,1,0,0,0,10
2020,Dec,14,8,220,1,North,1,12,0,0,0,0,13
2020,Dec,14,8,221,1,North,0,15,0,1,0,0,16
2020,Dec,14,8,222,1,North,0,2,0,1,0,0,3
2020,Dec,14,8,223,1,North,0,8,0,0,0,0,8
2020,Dec,14,8,224,1,North,0,14,1,0,0,0,15
2020,Dec,14,8,225,1,North,0,6,1,0,0,0,7
2020,Dec,14,8,226,1,North,0,10,0,0,0,0,10
2020,Dec,14,8,227,1,North,0,8,0,0,0,0,8
2020,Dec,14,8,228,1,North,0,10,0,0,0,0,10
2020,Dec,14,8,229,1,North,0,7,2,0,0,0,9
2020,Dec,14,8,230,1,North,0,6,0,0,0,0,6
2020,Dec,14,8,231,1,North,0,6,1,1,0,0,8
2020,Dec,14,8,232,1,North,0,6,0,0,0,0,6
2020,Dec,14,8,233,1,North,0,6,0,0,0,0,6
2020,Dec,14,8,234,1,North,0,5,0,0,0,0,5
2020,Dec,14,8,235,1,North,0,5,0,0,0,0,5
2020,Dec,14,8,236,1,North,0,4,0,0,0,0,4
2020,Dec,14,8,237,1,North,0,7,0,0,0,0,7
2020,Dec,14,8,238,1,North,0,1,0,0,0,0,1
2020,Dec,14,8,239,1,North,0,0,0,0,0,0,0
2020,Dec,14,8,240,1,North,0,4,1,0,0,0,5
2020,Dec,14,9,241,1,North,0,5,1,0,0,0,6
2020,Dec,14,9,242,1,North,0,4,0,0,0,0,4
2020,Dec,14,9,243,1,North,0,6,0,0,0,0,6
2020,Dec,14,9,244,1,North,0,8,0,0,0,0,8
2020,Dec,14,9,245,1,North,0,0,0,1,0,0,1
2020,Dec,14,9,246,1,North,0,9,0,0,0,0,9
2020,Dec,14,9,247,1,North,0,2,1,0,0,0,3
2020,Dec,14,9,248,1,North,0,7,0,0,0,0,7
2020,Dec,14,9,249,1,North,0,7,0,0,0,0,7
2020,Dec,14,9,250,1,North,0,4,1,0,0,0,5
2020,Dec,14,9,251,1,North,0,7,1,0,0,0,8
2020,Dec,14,9,252,1,North,0,3,0,0,0,0,3
2020,Dec,14,9,253,1,North,0,4,1,0,0,0,5
2020,Dec,14,9,254,1,North,0,7,1,0,0,0,8
2020,Dec,14,9,255,1,North,0,2,1,1,0,0,4
2020,Dec,14,9,256,1,North,0,5,0,0,0,0,5
2020,Dec,14,9,257,1,North,1,5,3,0,0,0,9
2020,Dec,14,9,258,1,North,0,4,0,0,0,0,4
2020,Dec,14,9,259,1,North,0,3,0,0,0,0,3
2020,Dec,14,9,260,1,North,0,6,0,0,0,0,6
2020,Dec,14,9,261,1,North,0,3,0,0,0,0,3
2020,Dec,14,9,262,1,North,0,3,1,0,0,0,4
2020,Dec,14,9,263,1,North,0,5,0,0,0,0,5
2020,Dec,14,9,264,1,North,0,6,0,0,0,0,6
2020,Dec,14,9,265,1,North,0,4,1,0,0,0,5
2020,Dec,14,9,266,1,North,0,4,1,0,0,0,5
2020,Dec,14,9,267,1,North,0,8,0,2,0,0,10
2020,Dec,14,9,268,1,North,0,6,0,0,0,0,6
2020,Dec,14,9,269,1,North,0,6,0,0,0,0,6
2020,Dec,14,9,270,1,North,0,5,0,0,0,0,5
2020,Dec,14,9,271,1,North,0,5,1,0,0,0,6
2020,Dec,14,9,272,1,North,0,2,0,1,0,0,3
2020,Dec,14,9,273,1,North,0,3,0,1,0,0,4
2020,Dec,14,9,274,1,North,0,9,0,0,0,0,9
2020,Dec,14,9,275,1,North,0,5,1,0,0,0,6
2020,Dec,14,9,276,1,North,0,5,0,0,0,0,5
2020,Dec,14,9,277,1,North,0,5,1,0,0,0,6
2020,Dec,14,9,278,1,North,0,7,1,1,0,0,9
2020,Dec,14,9,279,1,North,0,5,1,0,0,0,6
2020,Dec,14,9,280,1,North,0,5,1,1,0,0,7
2020,Dec,14,9,281,1,North,0,7,0,0,0,0,7
2020,Dec,14,9,282,1,North,1,3,0,0,0,0,4
2020,Dec,14,9,283,1,North,0,9,0,1,0,0,10
2020,Dec,14,9,284,1,North,0,3,0,0,0,0,3
2020,Dec,14,9,285,1,North,0,5,0,0,0,0,5
2020,Dec,14,9,286,1,North,0,7,0,0,0,0,7
2020,Dec,14,9,287,1,North,0,2,2,0,0,0,4
2020,Dec,14,9,288,1,North,0,4,0,0,0,0,4
2020,Dec,14,9,289,1,North,0,12,2,0,0,0,14
2020,Dec,14,9,290,1,North,0,2,0,0,0,0,2
2020,Dec,14,9,291,1,North,0,1,0,0,0,0,1
2020,Dec,14,9,292,1,North,0,4,0,1,0,0,5
2020,Dec,14,9,293,1,North,0,1,1,1,0,0,3
2020,Dec,14,9,294,1,North,0,4,0,0,0,0,4
2020,Dec,14,9,295,1,North,0,7,0,0,0,0,7
2020,Dec,14,9,296,1,North,0,5,0,0,0,0,5
2020,Dec,14,9,297,1,North,0,3,1,0,0,0,4
2020,Dec,14,9,298,1,North,0,2,0,0,0,0,2
2020,Dec,14,9,299,1,North,0,5,0,0,0,0,5
2020,Dec,14,9,300,1,North,0,4,4,0,0,0,8
2020,Dec,14,10,301,1,North,0,9,0,0,0,0,9
2020,Dec,14,10,302,1,North,1,5,0,0,0,0,6
2020,Dec,14,10,303,1,North,0,5,1,0,0,0,6
2020,Dec,14,10,304,1,North,0,2,0,0,0,0,2
2020,Dec,14,10,305,1,North,0,8,1,0,0,0,9
2020,Dec,14,10,306,1,North,0,2,1,0,0,0,3
2020,Dec,14,10,307,1,North,0,7,0,0,0,0,7
2020,Dec,14,10,308,1,North,0,4,1,0,0,0,5
2020,Dec,14,10,309,1,North,0,3,0,0,0,0,3
2020,Dec,14,10,310,1,North,0,4,0,0,0,0,4
2020,Dec,14,10,311,1,North,0,4,0,1,0,0,5
2020,Dec,14,10,312,1,North,0,8,0,0,0,0,8
2020,Dec,14,10,313,1,North,0,2,0,1,0,0,3
2020,Dec,14,10,314,1,North,0,6,0,0,0,0,6
2020,Dec,14,10,315,1,North,0,5,0,1,1,0,7
2020,Dec,14,10,316,1,North,0,6,0,0,0,0,6
2020,Dec,14,10,317,1,North,0,3,0,0,1,0,4
2020,Dec,14,10,318,1,North,0,6,0,0,0,0,6
2020,Dec,14,10,319,1,North,0,3,0,0,1,0,4
2020,Dec,14,10,320,1,North,0,10,1,0,1,0,12
2020,Dec,14,10,321,1,North,0,3,0,0,0,0,3
2020,Dec,14,10,322,1,North,0,7,1,1,0,0,9
2020,Dec,14,10,323,1,North,0,5,0,1,0,0,6
2020,Dec,14,10,324,1,North,0,3,0,0,0,0,3
2020,Dec,14,10,325,1,North,0,1,0,0,0,0,1
2020,Dec,14,10,326,1,North,0,8,0,0,0,0,8
2020,Dec,14,10,327,1,North,0,5,1,0,0,0,6
2020,Dec,14,10,328,1,North,0,2,0,0,0,0,2