year,month,day,hour,Time (Minutes),gate,direction,bus,car,suv,van,truck,motorcycle_pedestrian,total_count
2020,Nov,15,5,0,2,Entrance,0,20,1,0,0,0,21
2020,Nov,15,5,1,2,Entrance,0,11,3,0,0,0,14
2020,Nov,15,5,2,2,Entrance,0,18,0,0,0,0,18
2020,Nov,15,5,3,2,Entrance,0,17,0,0,0,0,17
2020,Nov,15,5,4,2,Entrance,0,14,0,0,0,0,14
2020,Nov,15,5,5,2,Entrance,0,16,0,0,0,0,16
2020,Nov,15,5,6,2,Entrance,0,17,2,0,0,0,19
2020,Nov,15,5,7,2,Entrance,0,13,4,1,0,0,18
2020,Nov,15,5,8,2,Entrance,0,9,1,0,0,0,10
2020,Nov,15,5,9,2,Entrance,0,15,3,1,0,0,19
2020,Nov,15,5,10,2,Entrance,0,9,0,1,0,0,10
2020,Nov,15,5,11,2,Entrance,0,11,0,0,0,0,11
2020,Nov,15,5,12,2,Entrance,0,6,1,0,0,0,7
2020,Nov,15,5,13,2,Entrance,0,14,0,0,0,0,14
2020,Nov,15,5,14,2,Entrance,0,10,1,0,0,0,11
2020,Nov,15,5,15,2,Entrance,0,17,0,0,0,0,17
2020,Nov,15,5,16,2,Entrance,0,13,1,0,0,0,14
2020,Nov,15,5,17,2,Entrance,0,7,0,2,0,0,9
2020,Nov,15,5,18,2,Entrance,0,9,0,0,0,0,9
2020,Nov,15,5,19,2,Entrance,0,5,0,0,0,0,5
2020,Nov,15,5,20,2,Entrance,0,5,2,0,0,0,7
2020,Nov,15,5,21,2,Entrance,0,14,1,0,0,0,15
2020,Nov,15,5,22,2,Entrance,0,16,0,0,0,0,16
2020,Nov,15,5,23,2,Entrance,0,14,0,1,0,0,15
2020,Nov,15,5,24,2,Entrance,0,13,1,0,0,0,14
2020,Nov,15,5,25,2,Entrance,0,7,4,0,0,0,11
2020,Nov,15,5,26,2,Entrance,0,15,2,0,0,0,17
2020,Nov,15,5,27,2,Entrance,0,14,1,0,0,0,15
2020,Nov,15,5,28,2,Entrance,0,10,1,1,0,0,12
2020,Nov,15,5,29,2,Entrance,0,9,1,0,0,0,10
2020,Nov,15,5,30,2,Entrance,0,13,0,0,0,0,13
2020,Nov,15,5,31,2,Entrance,0,11,2,0,0,0,13
2020,Nov,15,5,32,2,Entrance,0,7,1,1,0,0,9
2020,Nov,15,5,33,2,Entrance,0,17,0,0,0,0,17
2020,Nov,15,5,34,2,Entrance,0,19,0,0,0,0,19
2020,Nov,15,5,35,2,Entrance,0,18,0,0,0,0,18
2020,Nov,15,5,36,2,Entrance,0,14,1,0,0,0,15
2020,Nov,15,5,37,2,Entrance,0,14,2,0,0,0,16
2020,Nov,15,5,38,2,Entrance,0,21,1,0,0,0,22
2020,Nov,15,5,39,2,Entrance,0,17,0,0,0,0,17
2020,Nov,15,5,40,2,Entrance,0,10,2,0,0,0,12
2020,Nov,15,5,41,2,Entrance,0,13,0,1,0,0,14
2020,Nov,15,5,42,2,Entrance,0,16,2,0,0,0,18
2020,Nov,15,5,43,2,Entrance,0,14,1,0,0,0,15
2020,Nov,15,5,44,2,Entrance,0,9,1,0,0,0,10
2020,Nov,15,5,45,2,Entrance,0,11,1,1,0,0,13
2020,Nov,15,5,46,2,Entrance,0,17,3,1,0,0,21
2020,Nov,15,5,47,2,Entrance,0,19,1,0,0,0,20
2020,Nov,15,5,48,2,Entrance,0,17,3,0,0,0,20
2020,Nov,15,5,49,2,Entrance,0,16,1,0,0,0,17
2020,Nov,15,5,50,2,Entrance,0,22,1,2,0,0,25
2020,Nov,15,5,51,2,Entrance,0,24,0,1,0,0,25
2020,Nov,15,5,52,2,Entrance,0,24,4,0,0,0,28
2020,Nov,15,5,53,2,Entrance,0,22,0,0,0,0,22
2020,Nov,15,5,54,2,Entrance,0,25,1,1,0,0,27
2020,Nov,15,5,55,2,Entrance,0,19,0,0,0,0,19
2020,Nov,15,5,56,2,Entrance,0,27,3,1,0,0,31
2020,Nov,15,5,57,2,Entrance,0,20,2,0,0,0,22
2020,Nov,15,5,58,2,Entrance,0,17,2,0,0,0,19
2020,Nov,15,5,59,2,Entrance,0,28,1,0,0,0,29
2020,Nov,15,6,0,2,Entrance,0,17,5,0,0,0,22
2020,Nov,15,6,1,2,Entrance,0,25,1,0,0,0,26
2020,Nov,15,6,2,2,Entrance,0,21,1,1,0,0,23
2020,Nov,15,6,3,2,Entrance,0,20,0,0,0,0,20
2020,Nov,15,6,4,2,Entrance,0,16,2,2,0,0,20
2020,Nov,15,6,5,2,Entrance,0,9,1,0,0,0,10
2020,Nov,15,6,6,2,Entrance,0,22,0,0,0,0,22
2020,Nov,15,6,7,2,Entrance,0,26,1,0,0,0,27
2020,Nov,15,6,8,2,Entrance,0,22,3,0,0,0,25
2020,Nov,15,6,9,2,Entrance,0,13,2,0,0,0,15
2020,Nov,15,6,10,2,Entrance,0,22,4,1,0,0,27
2020,Nov,15,6,11,2,Entrance,0,15,2,0,0,0,17
2020,Nov,15,6,12,2,Entrance,0,17,2,0,0,0,19
2020,Nov,15,6,13,2,Entrance,0,11,1,0,0,0,12
2020,Nov,15,6,14,2,Entrance,0,14,1,0,0,0,15
2020,Nov,15,6,15,2,Entrance,0,15,0,0,0,0,15
2020,Nov,15,6,16,2,Entrance,0,9,1,0,0,0,10
2020,Nov,15,6,17,2,Entrance,0,16,1,0,0,0,17
2020,Nov,15,6,18,2,Entrance,0,12,1,1,0,0,14
2020,Nov,15,6,19,2,Entrance,0,9,0,0,1,0,10
2020,Nov,15,6,20,2,Entrance,0,15,1,1,0,0,17
2020,Nov,15,6,21,2,Entrance,0,9,0,1,0,0,10
2020,Nov,15,6,22,2,Entrance,0,14,1,0,0,0,15
2020,Nov,15,6,23,2,Entrance,0,13,1,0,0,0,14
2020,Nov,15,6,24,2,Entrance,0,10,0,0,0,0,10
2020,Nov,15,6,25,2,Entrance,0,13,0,1,0,0,14
2020,Nov,15,6,26,2,Entrance,0,5,0,0,0,0,5
2020,Nov,15,6,27,2,Entrance,0,9,0,1,0,0,10
2020,Nov,15,6,28,2,Entrance,0,12,0,0,0,0,12
2020,Nov,15,6,29,2,Entrance,0,8,0,0,0,0,8
2020,Nov,15,6,30,2,Entrance,0,2,0,0,0,0,2
2020,Nov,15,6,31,2,Entrance,0,6,2,1,0,0,9
2020,Nov,15,6,32,2,Entrance,0,13,1,1,0,0,15
2020,Nov,15,6,33,2,Entrance,0,7,0,0,0,0,7
2020,Nov,15,6,34,2,Entrance,0,8,0,1,0,0,9
2020,Nov,15,6,35,2,Entrance,0,4,1,1,0,0,6
2020,Nov,15,6,36,2,Entrance,0,15,0,1,0,0,16
2020,Nov,15,6,37,2,Entrance,0,2,1,0,0,0,3
2020,Nov,15,6,38,2,Entrance,0,8,0,0,0,0,8
2020,Nov,15,6,39,2,Entrance,0,11,1,0,0,0,12
2020,Nov,15,6,40,2,Entrance,0,10,3,0,0,0,13
2020,Nov,15,6,41,2,Entrance,0,8,0,0,0,0,8
2020,Nov,15,6,42,2,Entrance,0,7,1,0,0,0,8
2020,Nov,15,6,43,2,Entrance,0,4,0,0,0,0,4
2020,Nov,15,6,44,2,Entrance,0,4,1,0,0,0,5
2020,Nov,15,6,45,2,Entrance,0,12,0,2,0,0,14
2020,Nov,15,6,46,2,Entrance,0,4,1,0,0,0,5
2020,Nov,15,6,47,2,Entrance,0,7,1,0,0,0,8
2020,Nov,15,6,48,2,Entrance,0,10,0,0,0,0,10
2020,Nov,15,6,49,2,Entrance,0,18,0,0,0,0,18
2020,Nov,15,6,50,2,Entrance,0,6,0,0,0,0,6
2020,Nov,15,6,51,2,Entrance,0,8,0,1,0,0,9
2020,Nov,15,6,52,2,Entrance,0,7,3,0,0,0,10
2020,Nov,15,6,53,2,Entrance,0,5,0,0,0,0,5
2020,Nov,15,6,54,2,Entrance,0,6,0,0,0,0,6
2020,Nov,15,6,55,2,Entrance,0,6,0,0,0,0,6
2020,Nov,15,6,56,2,Entrance,0,8,0,0,0,0,8
2020,Nov,15,6,57,2,Entrance,0,7,0,0,0,0,7
2020,Nov,15,6,58,2,Entrance,0,9,2,0,0,0,11
2020,Nov,15,6,59,2,Entrance,0,10,0,0,0,0,10
2020,Nov,15,7,0,2,Entrance,0,13,0,0,0,0,13
2020,Nov,15,7,1,2,Entrance,0,6,0,0,0,0,6
2020,Nov,15,7,2,2,Entrance,0,9,1,2,0,0,12
2020,Nov,15,7,3,2,Entrance,0,9,1,0,0,0,10
2020,Nov,15,7,4,2,Entrance,0,6,1,0,0,0,7
2020,Nov,15,7,5,2,Entrance,0,7,1,0,0,0,8
2020,Nov,15,7,6,2,Entrance,0,9,0,0,0,0,9
2020,Nov,15,7,7,2,Entrance,0,8,3,0,0,0,11
2020,Nov,15,7,8,2,Entrance,0,4,0,0,0,0,4
2020,Nov,15,7,9,2,Entrance,0,9,1,0,0,0,10
2020,Nov,15,7,10,2,Entrance,0,9,0,0,0,0,9
2020,Nov,15,7,11,2,Entrance,0,5,0,1,0,0,6
2020,Nov,15,7,12,2,Entrance,0,4,1,1,0,0,6
2020,Nov,15,7,13,2,Entrance,0,4,0,0,0,0,4
2020,Nov,15,7,14,2,Entrance,0,8,0,0,0,0,8
2020,Nov,15,7,15,2,Entrance,0,10,1,0,0,0,11
2020,Nov,15,7,16,2,Entrance,0,8,0,2,0,0,10
2020,Nov,15,7,17,2,Entrance,0,13,1,0,0,0,14
2020,Nov,15,7,18,2,Entrance,0,10,1,0,0,0,11
2020,Nov,15,7,19,2,Entrance,0,13,0,0,0,0,13
2020,Nov,15,7,20,2,Entrance,0,12,1,0,0,0,13
2020,Nov,15,7,21,2,Entrance,0,16,0,0,0,0,16
2020,Nov,15,7,22,2,Entrance,0,6,0,0,0,0,6
2020,Nov,15,7,23,2,Entrance,1,10,0,0,0,0,11
2020,Nov,15,7,24,2,Entrance,0,9,0,0,0,0,9
2020,Nov,15,7,25,2,Entrance,0,8,0,0,0,0,8
2020,Nov,15,7,26,2,Entrance,0,13,0,0,0,0,13
2020,Nov,15,7,27,2,Entrance,0,7,1,0,0,0,8
2020,Nov,15,7,28,2,Entrance,0,9,0,0,0,0,9
2020,Nov,15,7,29,2,Entrance,0,4,1,0,0,0,5
2020,Nov,15,7,30,2,Entrance,1,8,0,0,0,0,9
2020,Nov,15,7,31,2,Entrance,0,10,0,1,0,0,11
2020,Nov,15,7,32,2,Entrance,0,10,0,0,0,0,10
2020,Nov,15,7,33,2,Entrance,0,5,1,0,0,0,6
2020,Nov,15,7,34,2,Entrance,0,9,0,0,0,0,9
2020,Nov,15,7,35,2,Entrance,0,12,0,1,0,0,13
2020,Nov,15,7,36,2,Entrance,0,5,1,0,0,0,6
2020,Nov,15,7,37,2,Entrance,0,12,0,0,0,0,12
2020,Nov,15,7,38,2,Entrance,0,4,0,0,0,0,4
2020,Nov,15,7,39,2,Entrance,0,7,1,0,0,0,8
2020,Nov,15,7,40,2,Entrance,0,8,2,0,0,0,10
2020,Nov,15,7,41,2,Entrance,0,9,0,0,0,0,9
2020,Nov,15,7,42,2,Entrance,0,8,1,0,0,0,9
2020,Nov,15,7,43,2,Entrance,0,9,1,0,0,0,10
2020,Nov,15,7,44,2,Entrance,0,10,1,0,0,0,11
2020,Nov,15,7,45,2,Entrance,0,7,0,1,0,0,8
2020,Nov,15,7,46,2,Entrance,0,5,1,0,0,0,6
2020,Nov,15,7,47,2,Entrance,0,10,0,0,0,0,10
2020,Nov,15,7,48,2,Entrance,0,14,1,0,0,0,15
2020,Nov,15,7,49,2,Entrance,0,7,1,0,0,0,8
2020,Nov,15,7,50,2,Entrance,0,10,0,0,0,0,10
2020,Nov,15,7,51,2,Entrance,0,7,0,0,0,0,7
2020,Nov,15,7,52,2,Entrance,0,8,3,1,0,0,12
2020,Nov,15,7,53,2,Entrance,0,12,0,0,0,0,12
2020,Nov,15,7,54,2,Entrance,0,3,0,0,0,0,3
2020,Nov,15,7,55,2,Entrance,0,8,0,0,0,0,8
2020,Nov,15,7,56,2,Entrance,0,8,0,0,0,0,8
2020,Nov,15,7,57,2,Entrance,0,6,0,0,0,0,6
2020,Nov,15,7,58,2,Entrance,0,5,1,0,0,0,6
2020,Nov,15,7,59,2,Entrance,0,14,0,0,0,0,14
2020,Nov,15,8,0,2,Entrance,0,6,0,0,0,0,6
2020,Nov,15,8,1,2,Entrance,0,4,0,0,0,0,4
2020,Nov,15,8,2,2,Entrance,0,5,0,0,0,0,5
2020,Nov,15,8,3,2,Entrance,0,8,1,2,0,0,11
2020,Nov,15,8,4,2,Entrance,0,5,2,0,0,0,7
2020,Nov,15,8,5,2,Entrance,0,11,0,0,0,0,11
2020,Nov,15,8,6,2,Entrance,0,10,0,0,0,0,10
2020,Nov,15,8,7,2,Entrance,0,11,1,0,0,0,12
2020,Nov,15,8,8,2,Entrance,0,13,0,0,0,0,13
2020,Nov,15,8,9,2,Entrance,0,11,2,0,0,0,13
2020,Nov,15,8,10,2,Entrance,0,14,0,0,0,0,14
2020,Nov,15,8,11,2,Entrance,0,14,0,0,0,0,14
2020,Nov,15,8,12,2,Entrance,0,9,0,0,0,0,9
2020,Nov,15,8,13,2,Entrance,0,12,2,0,0,0,14
2020,Nov,15,8,14,2,Entrance,0,12,0,0,0,0,12
2020,Nov,15,8,15,2,Entrance,0,12,5,0,0,0,17
2020,Nov,15,8,16,2,Entrance,0,12,1,0,0,0,13
2020,Nov,15,8,17,2,Entrance,0,7,1,0,0,0,8
2020,Nov,15,8,18,2,Entrance,0,13,2,0,0,0,15
2020,Nov,15,8,19,2,Entrance,0,11,1,2,0,0,14
2020,Nov,15,8,20,2,Entrance,0,10,0,0,0,0,10
2020,Nov,15,8,21,2,Entrance,0,10,1,0,0,0,11
2020,Nov,15,8,22,2,Entrance,0,20,0,0,0,0,20
2020,Nov,15,8,23,2,Entrance,0,13,2,0,0,0,15
2020,Nov,15,8,24,2,Entrance,0,12,4,0,0,0,16
2020,Nov,15,8,25,2,Entrance,0,18,2,0,0,0,20
2020,Nov,15,8,26,2,Entrance,0,14,0,2,0,0,16
2020,Nov,15,8,27,2,Entrance,0,21,3,0,0,0,24
2020,Nov,15,8,28,2,Entrance,0,21,1,1,1,0,24
2020,Nov,15,8,29,2,Entrance,0,12,4,0,0,0,16
2020,Nov,15,8,30,2,Entrance,0,13,0,0,0,0,13
2020,Nov,15,8,31,2,Entrance,0,19,0,0,1,0,20
2020,Nov,15,8,32,2,Entrance,0,18,0,0,0,0,18
2020,Nov,15,8,33,2,Entrance,0,15,0,1,0,0,16
2020,Nov,15,8,34,2,Entrance,0,9,1,0,0,0,10
2020,Nov,15,8,35,2,Entrance,0,22,0,0,0,0,22
2020,Nov,15,8,36,2,Entrance,0,15,2,0,0,0,17
2020,Nov,15,8,37,2,Entrance,0,9,1,1,0,0,11
2020,Nov,15,8,38,2,Entrance,0,9,1,0,0,0,10
2020,Nov,15,8,39,2,Entrance,1,12,0,0,0,0,13
2020,Nov,15,8,40,2,Entrance,0,15,0,1,0,0,16
2020,Nov,15,8,41,2,Entrance,0,2,0,1,0,0,3
2020,Nov,15,8,42,2,Entrance,0,8,0,0,0,0,8
2020,Nov,15,8,43,2,Entrance,0,14,1,0,0,0,15
2020,Nov,15,8,44,2,Entrance,0,6,1,0,0,0,7
2020,Nov,15,8,45,2,Entrance,0,10,0,0,0,0,10
2020,Nov,15,8,46,2,Entrance,0,8,0,0,0,0,8
2020,Nov,15,8,47,2,Entrance,0,10,0,0,0,0,10
2020,Nov,15,8,48,2,Entrance,0,7,2,0,0,0,9
2020,Nov,15,8,49,2,Entrance,0,6,0,0,0,0,6
2020,Nov,15,8,50,2,Entrance,0,6,1,1,0,0,8
2020,Nov,15,8,51,2,Entrance,0,6,0,0,0,0,6
2020,Nov,15,8,52,2,Entrance,0,6,0,0,0,0,6
2020,Nov,15,8,53,2,Entrance,0,5,0,0,0,0,5
2020,Nov,15,8,54,2,Entrance,0,5,0,0,0,0,5
2020,Nov,15,8,55,2,Entrance,0,4,0,0,0,0,4
2020,Nov,15,8,56,2,Entrance,0,7,0,0,0,0,7
2020,Nov,15,8,57,2,Entrance,0,1,0,0,0,0,1
2020,Nov,15,8,58,2,Entrance,0,0,0,0,0,0,0
2020,Nov,15,8,59,2,Entrance,0,4,1,0,0,0,5
2020,Nov,15,9,0,2,Entrance,0,5,1,0,0,0,6
2020,Nov,15,9,1,2,Entrance,0,4,0,0,0,0,4
2020,Nov,15,9,2,2,Entrance,0,6,0,0,0,0,6
2020,Nov,15,9,3,2,Entrance,0,8,0,0,0,0,8
2020,Nov,15,9,4,2,Entrance,0,0,0,1,0,0,1
2020,Nov,15,9,5,2,Entrance,0,9,0,0,0,0,9
2020,Nov,15,9,6,2,Entrance,0,2,1,0,0,0,3
2020,Nov,15,9,7,2,Entrance,0,7,0,0,0,0,7
2020,Nov,15,9,8,2,Entrance,0,7,0,0,0,0,7
2020,Nov,15,9,9,2,Entrance,0,4,1,0,0,0,5
2020,Nov,15,9,10,2,Entrance,0,7,1,0,0,0,8
2020,Nov,15,9,11,2,Entrance,0,3,0,0,0,0,3
2020,Nov,15,9,12,2,Entrance,0,4,1,0,0,0,5
2020,Nov,15,9,13,2,Entrance,0,7,1,0,0,0,8
2020,Nov,15,9,14,2,Entrance,0,2,1,1,0,0,4
2020,Nov,15,9,15,2,Entrance,0,5,0,0,0,0,5
2020,Nov,15,9,16,2,Entrance,1,5,3,0,0,0,9
2020,Nov,15,9,17,2,Entrance,0,4,0,0,0,0,4
2020,Nov,15,9,18,2,Entrance,0,3,0,0,0,0,3
2020,Nov,15,9,19,2,Entrance,0,6,0,0,0,0,6
2020,Nov,15,9,20,2,Entrance,0,3,0,0,0,0,3
2020,Nov,15,9,21,2,Entrance,0,3,1,0,0,0,4
2020,Nov,15,9,22,2,Entrance,0,5,0,0,0,0,5
2020,Nov,15,9,23,2,Entrance,0,6,0,0,0,0,6
2020,Nov,15,9,24,2,Entrance,0,4,1,0,0,0,5
2020,Nov,15,9,25,2,Entrance,0,4,1,0,0,0,5
2020,Nov,15,9,26,2,Entrance,0,8,0,2,0,0,10
2020,Nov,15,9,27,2,Entrance,0,6,0,0,0,0,6
2020,Nov,15,9,28,2,Entrance,0,6,0,0,0,0,6
2020,Nov,15,9,29,2,Entrance,0,5,0,0,0,0,5
2020,Nov,15,9,30,2,Entrance,0,5,1,0,0,0,6
2020,Nov,15,9,31,2,Entrance,0,2,0,1,0,0,3
2020,Nov,15,9,32,2,Entrance,0,3,0,1,0,0,4
2020,Nov,15,9,33,2,Entrance,0,9,0,0,0,0,9
2020,Nov,15,9,34,2,Entrance,0,5,1,0,0,0,6
2020,Nov,15,9,35,2,Entrance,0,5,0,0,0,0,5
2020,Nov,15,9,36,2,Entrance,0,5,1,0,0,0,6
2020,Nov,15,9,37,2,Entrance,0,7,1,1,0,0,9
2020,Nov,15,9,38,2,Entrance,0,5,1,0,0,0,6
2020,Nov,15,9,39,2,Entrance,0,5,1,1,0,0,7
2020,Nov,15,9,40,2,Entrance,0,7,0,0,0,0,7
2020,Nov,15,9,41,2,Entrance,1,3,0,0,0,0,4
2020,Nov,15,9,42,2,Entrance,0,9,0,1,0,0,10
2020,Nov,15,9,43,2,Entrance,0,3,0,0,0,0,3
2020,Nov,15,9,44,2,Entrance,0,5,0,0,0,0,5
2020,Nov,15,9,45,2,Entrance,0,7,0,0,0,0,7
2020,Nov,15,9,46,2,Entrance,0,2,2,0,0,0,4
2020,Nov,15,9,47,2,Entrance,0,4,0,0,0,0,4
2020,Nov,15,9,48,2,Entrance,0,12,2,0,0,0,14
2020,Nov,15,9,49,2,Entrance,0,2,0,0,0,0,2
2020,Nov,15,9,50,2,Entrance,0,1,0,0,0,0,1
2020,Nov,15,9,51,2,Entrance,0,4,0,1,0,0,5
2020,Nov,15,9,52,2,Entrance,0,1,1,1,0,0,3
2020,Nov,15,9,53,2,Entrance,0,4,0,0,0,0,4
2020,Nov,15,9,54,2,Entrance,0,7,0,0,0,0,7
2020,Nov,15,9,55,2,Entrance,0,5,0,0,0,0,5
2020,Nov,15,9,56,2,Entrance,0,3,1,0,0,0,4
2020,Nov,15,9,57,2,Entrance,0,2,0,0,0,0,2
2020,Nov,15,9,58,2,Entrance,0,5,0,0,0,0,5
2020,Nov,15,9,59,2,Entrance,0,4,4,0,0,0,8
2020,Nov,15,10,0,2,Entrance,0,9,0,0,0,0,9
2020,Nov,15,10,1,2,Entrance,1,5,0,0,0,0,6
2020,Nov,15,10,2,2,Entrance,0,5,1,0,0,0,6
2020,Nov,15,10,3,2,Entrance,0,2,0,0,0,0,2
2020,Nov,15,10,4,2,Entrance,0,8,1,0,0,0,9
2020,Nov,15,10,5,2,Entrance,0,2,1,0,0,0,3
2020,Nov,15,10,6,2,Entrance,0,7,0,0,0,0,7
2020,Nov,15,10,7,2,Entrance,0,4,1,0,0,0,5
2020,Nov,15,10,8,2,Entrance,0,3,0,0,0,0,3
2020,Nov,15,10,9,2,Entrance,0,4,0,0,0,0,4
2020,Nov,15,10,10,2,Entrance,0,4,0,1,0,0,5
2020,Nov,15,10,11,2,Entrance,0,8,0,0,0,0,8
2020,Nov,15,10,12,2,Entrance,0,2,0,1,0,0,3
2020,Nov,15,10,13,2,Entrance,0,6,0,0,0,0,6
2020,Nov,15,10,14,2,Entrance,0,5,0,1,1,0,7
2020,Nov,15,10,15,2,Entrance,0,6,0,0,0,0,6
2020,Nov,15,10,16,2,Entrance,0,3,0,0,1,0,4
2020,Nov,15,10,17,2,Entrance,0,6,0,0,0,0,6
2020,Nov,15,10,18,2,Entrance,0,3,0,0,1,0,4
2020,Nov,15,10,19,2,Entrance,0,10,1,0,1,0,12
2020,Nov,15,10,20,2,Entrance,0,3,0,0,0,0,3
2020,Nov,15,10,21,2,Entrance,0,7,1,1,0,0,9
2020,Nov,15,10,22,2,Entrance,0,5,0,1,0,0,6
2020,Nov,15,10,23,2,Entrance,0,3,0,0,0,0,3
2020,Nov,15,10,24,2,Entrance,0,1,0,0,0,0,1
2020,Nov,15,10,25,2,Entrance,0,8,0,0,0,0,8
2020,Nov,15,10,26,2,Entrance,0,5,1,0,0,0,6
2020,Nov,15,10,27,2,Entrance,0,2,0,0,0,0,2